93,4
93,3
93,2
93,1
93,0
92,3
92,2
92,1
92,0
91,5
91,4
91,3
91,2
91,1
91,0
0,529
90,4
90,3
90,2
90,1
90,0
89,3
89,2
89,1
89,0
88,3
88,2
88,1
88,0
0,528
0,527
0,526
0,525
0,524
0,523
0,522
0,521
87,3
87,2
87,1
87,0
86,5
86,4
86,3
86,2
86,1
86,0
85,4
85,3
85,2
85,1
85,0
84,3
84,2
84,1
84,0
83,3
83,2
83,1
83,0
0,520
0,519
82,5
82,4
82,3
82,2
82,1
82,0
0,518
0,517
81,4
81,3
81,2
81,1
81,0
80,3
80,2
0,516
80,1
80,0
0,515
79,5
0,514
0,513
0,512
79,4
0,511
79,3
79,2
79,1
79,0
0,510
78,4
78,3
78,2
78,1
78,0
77,3
77,2
77,1
77,0
76,3
76,2
76,1
76,0
75,4
75,3
75,2
75,1
75,0
26,2
0,278
0,9
26,1
26,3
10,33
10,159
71,5
10,149
71,4
71,3
10,91
71,2
10,203
71,1
10,261
71,0
68,5
68,4
68,3
68,2
68,1
68,0
67,4
